0	0.0964	0.0936	0.28923265056534725	0.28852643569310504	0.2885963023955968	0.288754403591156	0.2886689073666316	0.28862037261327106	0.2886411115200386	0.2885464029031195	
1	0.10468	0.1079	0.2893936734085152	0.28853778044382733	0.28860020800355884	0.28875792026519775	0.2886748079254231	0.2886253396670024	0.2886449047364046	0.28851633931647935	
2	0.113	0.1102	0.29000051831252754	0.2885734637578328	0.2886101827577064	0.28876785437266034	0.288678123477506	0.2886299093564351	0.2886497516239833	0.2885418038340661	
0	0.0964	0.0936	0.28923265056534725	0.28852643569310504	0.2885963023955968	0.288754403591156	0.2886689073666316	0.28862037261327106	0.2886411115200386	0.2885464029031195	
1	0.20922	0.2163	0.3434526724173515	0.2998097737630208	0.2963311763280131	0.29228105147679645	0.29113317740326555	0.2896542549133301	0.28922383384755024	0.29027305175437934	
2	0.2492	0.2537	0.35794437141121704	0.3032500147819519	0.2978872941708333	0.2938697934150696	0.29373422801226684	0.2913163900375366	0.2905456643839731	0.3070376762808455	
3	0.24688	0.2505	0.37116359087474865	0.30630077918370563	0.30021908261364805	0.29545090595881146	0.2954161682468416	0.29239340623219806	0.29154043537595153	0.32313289122767175	
4	0.2577	0.2637	0.3796929024191244	0.3092074791590373	0.30210155755343765	0.2967479427655538	0.296949779672557	0.2935046950976054	0.29255177007939465	0.3393501511422065	
5	0.26186	0.2691	0.3879448770174192	0.3134651978810628	0.30620449706017516	0.30012359221776325	0.3006901157926058	0.29546646277109784	0.29388683472625	0.3575709464833893	
6	0.31604	0.3176	0.3996663536824092	0.3194456497828166	0.31221421618934353	0.30578722556432086	0.30696061152246057	0.29850542545318604	0.2957690286870495	0.37939450927132784	
7	0.33324	0.3339	0.41044304187408653	0.32419121265411377	0.3155764950782496	0.30936676263809204	0.31148302456347754	0.3012513717015584	0.29774687492054447	0.4025008730495841	
8	0.32808	0.3339	0.42021183673048024	0.3285309076309204	0.31834669503927465	0.3123231530189514	0.315728898082465	0.30424706141153973	0.2999032973511801	0.4257771761990929	
9	0.33924	0.3386	0.4297414495599076	0.33257540067036945	0.32089242088513065	0.3148796558380127	0.31950952658969023	0.3073115348815918	0.30212551101234125	0.4487212908527105	
10	0.34378	0.3427	0.4394624209887717	0.3364098072052002	0.32334682855921304	0.31717000404993695	0.32289026579824404	0.31028350194295246	0.30430210070998936	0.47077665426039883	
11	0.35258	0.3533	0.4486907527136942	0.33999955654144287	0.32576004471335085	0.3194476366043091	0.3264388618554673	0.3134227395057678	0.3066143821864183	0.4923926557843364	
12	0.35826	0.3588	0.45795165887636413	0.3434898853302002	0.3283300471439491	0.3219762047131856	0.3301109762767264	0.3165609836578369	0.30901489809020477	0.512758954536226	
13	0.36642	0.3619	0.46695021752546245	0.3468077580134074	0.331138151170735	0.3244943817456563	0.3336983474345797	0.3196952740351359	0.31142057698293385	0.5318792448502252	
14	0.3699	0.3647	0.47506248542162527	0.34991153081258136	0.33389208244823476	0.32702722152074176	0.33720209924498734	0.322922686735789	0.3139564264172888	0.5513269361046255	
15	0.38288	0.3727	0.4837606714166738	0.35328487555185956	0.3368076328408244	0.3295817772547404	0.34060902569541596	0.3260488311449687	0.31648201309403134	0.5691430133691074	
16	0.40276	0.3919	0.49303458788764726	0.35647082328796387	0.3396829470420356	0.33197736740112305	0.34386220044247684	0.3291088541348775	0.3189806890079997	0.5855697194120094	
17	0.40188	0.3913	0.5013389606104064	0.3596200148264567	0.34250928660527713	0.33428414662679035	0.34703220540847624	0.33203426996866864	0.3214732957757825	0.6015609840890421	
18	0.40732	0.3934	0.5101786702084972	0.3628080685933431	0.3454818195370535	0.33663586775461835	0.3500919542187711	0.334937850634257	0.32393134212778635	0.6161868153219451	
19	0.4189	0.4038	0.5189834369087254	0.36596377690633136	0.34831136226078185	0.338888684908549	0.3531340294505904	0.33780352274576825	0.32641206348428903	0.6300595301487071	
20	0.39658	0.3839	0.5272955314603529	0.3690905173619588	0.3512225855769243	0.3412108023961385	0.35599936889765404	0.3405542771021525	0.32883849969990975	0.6431076545125636	
21	0.41544	0.4014	0.5357482087199085	0.3722422917683919	0.3541061605604437	0.3435768286387126	0.3589182629402255	0.3433445294698079	0.3312667060831679	0.655431199316783	
22	0.40628	0.3962	0.5440134207391205	0.37538353602091473	0.3570735796746007	0.3459567228953044	0.3617533409500583	0.3460179567337036	0.33365282883818786	0.6666568483250043	
23	0.3962	0.3897	0.5522235417271621	0.378700852394104	0.3600837356931477	0.3482379913330078	0.364588194176699	0.3486270109812419	0.3359761738623509	0.6772549128938707	
24	0.4181	0.4074	0.5600868941986252	0.3819596767425537	0.36311929221239736	0.3506496747334798	0.36731217309385716	0.3511752287546794	0.3382307984500169	0.6869970982513536	
25	0.40776	0.3988	0.5678403890543384	0.38518933455149335	0.3659864580228965	0.3529850244522095	0.37008299120866034	0.35374192396799725	0.3404590180370909	0.6963205421412515	
26	0.40752	0.3959	0.5748706924584672	0.3883123795191447	0.36875328623604064	0.3552463849385579	0.37273222971445913	0.35621662934621173	0.3425974859102609	0.7046627256421292	
27	0.43482	0.4195	0.5821970209323248	0.3914610942204793	0.3716994071427501	0.35755173365275067	0.37532375513569693	0.3586180607477824	0.344749082526742	0.7128863134770883	
