0	0.1017	0.1012	0.28923265056534725	0.9163445	0.28852643569310504	0.9167525	0.2885963023955968	0.9167122	0.288754403591156	0.9166209	0.2886689073666316	0.91667026	0.28862037261327106	0.9166982	0.2886411115200386	0.9166863	
1	0.43768	0.4303	0.31975567740653227	0.89775634	0.3059035936991374	0.9064229	0.30265814883487246	0.908398	0.30020533005396527	0.9098767	0.2994162132474145	0.91034997	0.2986583312352498	0.91080326	0.3003953196606963	0.9097626	
2	0.55022	0.5448	0.36264732208333555	0.8684869	0.32993433872858685	0.8911434	0.3233387082664	0.8954521	0.31414804855982464	0.90131104	0.31129091922796487	0.903098	0.30821770429611206	0.9050019	0.3100521741789064	0.9038677	
3	0.55348	0.5371	0.3977144505456316	0.8418232	0.35371410846710205	0.8748863	0.34623119050357715	0.8801239	0.33064913749694824	0.8906712	0.3266747718155323	0.89328355	0.3217179576555888	0.8964976	0.3212064008575873	0.8968265	
4	0.62708	0.6137	0.4254307548164412	0.8190087	0.37603477636973065	0.8585979	0.3695397464292539	0.8634404	0.34963786602020264	0.8777534	0.34561913396950195	0.8805474	0.3393936554590861	0.88481194	0.33294872358696487	0.88914514	
5	0.6779	0.6517	0.45125449723198724	0.7963693	0.3958977858225505	0.84326494	0.3914429859360824	0.84677243	0.3691963354746501	0.8636941	0.3660751349921634	0.86598897	0.35947275161743164	0.87077934	0.3452054907492665	0.8808332	
6	0.73776	0.6996	0.4726855572504934	0.77656835	0.41486509641011554	0.82788694	0.413125966012593	0.8293269	0.3896353642145793	0.8481843	0.3875960744850991	0.8497693	0.38084959983825684	0.8549535	0.35774253445416554	0.87202024	
7	0.7299	0.6879	0.4912650237350736	0.75865865	0.4324692090352376	0.8129704	0.4336762916822218	0.8119249	0.4097943703333537	0.83206856	0.40917034379035055	0.8325796	0.40306142965952557	0.83754146	0.37030840660344605	0.8628717	
8	0.77532	0.7175	0.5100729330644543	0.73982567	0.4496026039123535	0.7978575	0.45431152920265055	0.79360104	0.4307369391123454	0.8144657	0.431448634053128	0.8138521	0.426405668258667	0.8181782	0.3834954390060801	0.85293126	
9	0.8316	0.7595	0.5260991022109752	0.7232197	0.4651707013448079	0.7836163	0.4733733405744706	0.7759177	0.45073755582173664	0.79683566	0.4526867119967576	0.79507476	0.4488845268885295	0.7985027	0.3960907718024697	0.8431121	
10	0.87844	0.7943	0.540060395917694	0.70833474	0.47989598910013836	0.7696998	0.4914447852999817	0.7584821	0.4703766902287801	0.7787458	0.4732263323668646	0.7760568	0.47131943702697754	0.777858	0.4088354308831334	0.8328536	
11	0.88128	0.79	0.5539043697370672	0.69319	0.49482985337575275	0.7551434	0.5098911683898457	0.740011	0.4900231758753459	0.75987726	0.49364867210651536	0.756311	0.49356428782145184	0.75639427	0.42165671293438994	0.82220566	
12	0.89114	0.7882	0.5662676666485913	0.6793409	0.5080325603485107	0.74190295	0.5267232147901464	0.7225627	0.5083060264587402	0.7416251	0.5124514489473875	0.7373935	0.5141140619913737	0.7356867	0.43363332999463966	0.8119621	
13	0.9117	0.7992	0.578185757947794	0.66570127	0.5211779276529948	0.72837365	0.5427468846360082	0.7054259	0.525837262471517	0.7234952	0.5303575094393418	0.7187209	0.5335478782653809	0.7153266	0.44508930703523425	0.80189556	
14	0.84618	0.7458	0.5888953505844298	0.65320235	0.5340312321980795	0.71481067	0.5579668983744642	0.68867296	0.5428661902745565	0.7052963	0.5471515674801847	0.7006252	0.5514187812805176	0.6959374	0.4558498610753991	0.7922009	
15	0.0	0.0	0.9899999760052302	0.019899964	0.9900000095367432	0.019899964	0.9899999125311453	0.019899964	0.9900000890096029	0.019899964	0.9899999125311453	0.019899964	0.9900005658467611	0.019899927	0.9900010645450044	0.01989997	
0	0.10156	0.1009	0.28923265056534725	0.9163445	0.28852643569310504	0.9167525	0.2885963023955968	0.9167122	0.288754403591156	0.9166209	0.2886689073666316	0.91667026	0.28862037261327106	0.9166982	0.2886411115200386	0.9166863	
1	0.0	0.0	0.9899999760052302	0.019899964	0.9900000095367432	0.019899964	0.9899999125311453	0.019899964	0.9900000890096029	0.019899964	0.9899999125311453	0.019899964	0.9900005658467611	0.019899927	0.9900010645450044	0.01989997	
0	0.10156	0.1009	0.28923265056534725	0.9163445	0.28852643569310504	0.9167525	0.2885963023955968	0.9167122	0.288754403591156	0.9166209	0.2886689073666316	0.91667026	0.28862037261327106	0.9166982	0.2886411115200386	0.9166863	
1	0.0	0.0	0.9899999760052302	0.019899964	0.9900000095367432	0.019899964	0.9899999125311453	0.019899964	0.9900000890096029	0.019899964	0.9899999125311453	0.019899964	0.9900005658467611	0.019899927	0.9900010645450044	0.01989997	
0	0.10156	0.1009	0.28923265056534725	0.9163445	0.28852643569310504	0.9167525	0.2885963023955968	0.9167122	0.288754403591156	0.9166209	0.2886689073666316	0.91667026	0.28862037261327106	0.9166982	0.2886411115200386	0.9166863	
1	0.0	0.0	0.9899999760052302	0.019899964	0.9900000095367432	0.019899964	0.9899999125311453	0.019899964	0.9900000890096029	0.019899964	0.9899999125311453	0.019899964	0.9900005658467611	0.019899927	0.9900010645450044	0.01989997	
