0	0.1017	0.1012	0.28923265056534725	0.9163445	0.0	1.0	0.9999999828857289	0.0	0.2885963023955968	0.9167122	0.0	1.0	1.0	0.0	0.2886689073666316	0.91667026	0.0	1.0	0.9999999828857289	0.0	0.2886411115200386	0.9166863	0.0	1.0	
0	0.1017	0.1012	0.28923265056534725	0.9163445	0.28852643569310504	0.9167525	0.2885963023955968	0.9167122	0.288754403591156	0.9166209	0.2886689073666316	0.91667026	0.28862037261327106	0.9166982	0.2886411115200386	0.9166863	
0	0.1017	0.1012	0.28923265056534725	0.9163445	0.28852643569310504	0.9167525	0.2885963023955968	0.9167122	0.288754403591156	0.9166209	0.2886689073666316	0.91667026	0.28862037261327106	0.9166982	0.2886411115200386	0.9166863	
1	0.0	0.0	0.9899999760052302	0.019899964	0.9900000095367432	0.019899964	0.9899999125311453	0.019899964	0.9900000890096029	0.019899964	0.9899999125311453	0.019899964	0.9900005658467611	0.019899927	0.9900010645450044	0.01989997	
0	0.1017	0.1012	0.28923265056534725	0.9163445	0.28852643569310504	0.9167525	0.2885963023955968	0.9167122	0.288754403591156	0.9166209	0.2886689073666316	0.91667026	0.28862037261327106	0.9166982	0.2886411115200386	0.9166863	
1	0.0	0.0	0.9899999760052302	0.019899964	0.9900000095367432	0.019899964	0.9899999125311453	0.019899964	0.9900000890096029	0.019899964	0.9899999125311453	0.019899964	0.9900005658467611	0.019899927	0.9900010645450044	0.01989997	
0	0.1017	0.1012	0.28923265056534725	0.9163445	0.28852643569310504	0.9167525	0.2885963023955968	0.9167122	0.288754403591156	0.9166209	0.2886689073666316	0.91667026	0.28862037261327106	0.9166982	0.2886411115200386	0.9166863	
1	0.0	0.0	0.9899999760052302	0.019899964	0.9900000095367432	0.019899964	0.9899999125311453	0.019899964	0.9900000890096029	0.019899964	0.9899999125311453	0.019899964	0.9900005658467611	0.019899927	0.9900010645450044	0.01989997	
0	0.1017	0.1012	0.28923265056534725	0.9163445	0.28852643569310504	0.9167525	0.2885963023955968	0.9167122	0.288754403591156	0.9166209	0.2886689073666316	0.91667026	0.28862037261327106	0.9166982	0.2886411115200386	0.9166863	
1	0.54596	0.5332	0.28966306141311393	0.9160953	0.2889161705970764	0.91652745	0.2889548315869295	0.91650516	0.2891292969385783	0.9164043	0.28900026588962424	0.9164788	0.2889387607574463	0.9165143	0.28895721288387033	0.9165038	
2	0.5897	0.5646	0.28974057170373013	0.9160504	0.2893056273460388	0.91630226	0.2893139789320403	0.9162975	0.2894870440165202	0.91619724	0.2893000423741327	0.91630554	0.2892045776049296	0.9163606	0.28916154080545114	0.9163856	
3	0.6111	0.5796	0.28987612548949593	0.9159718	0.28972254196802777	0.91606086	0.2897233091247781	0.9160603	0.28989535570144653	0.9159607	0.28966539935492414	0.91609406	0.28953806559244794	0.9161677	0.28941783579124586	0.91623735	
4	0.68516	0.6348	0.29006566718802246	0.9158619	0.2901223500569661	0.91582894	0.29014893609894016	0.9158137	0.29031787316004437	0.9157155	0.290059556682198	0.91586536	0.28990139563878375	0.91595715	0.2896948248796595	0.91607696	
5	0.69856	0.6481	0.2903350227479621	0.91570556	0.29054562250773114	0.9155832	0.29060134037085605	0.9155509	0.29077573617299396	0.91544944	0.2904991764100657	0.9156102	0.29031286636988324	0.9157185	0.2899996308880902	0.91590023	
6	0.73152	0.6771	0.29058766930845953	0.9155589	0.29092703262964886	0.9153614	0.29105784693602704	0.91528535	0.29125092426935834	0.915173	0.2909658825125763	0.91533875	0.29075509309768677	0.9154614	0.29032112704853136	0.91571367	
7	0.77934	0.6994	0.29093739028901716	0.9153554	0.2913120985031128	0.9151373	0.2915136510537229	0.91501975	0.2917326092720032	0.9148922	0.2914508803473407	0.91505647	0.2912178039550781	0.91519207	0.2906568477703449	0.9155186	
8	0.76532	0.6856	0.29126586001785704	0.91516423	0.29168907801310223	0.9149174	0.2919845156452866	0.91474503	0.29224246740341187	0.91459435	0.29196658918571994	0.9147555	0.291709840297699	0.9149054	0.2910058658228636	0.9153156	
9	0.8105	0.7105	0.29156999625236363	0.9149869	0.29206140836079914	0.9147002	0.29244964826545283	0.91447324	0.2927485505739848	0.91429836	0.2924836467232516	0.91445327	0.29221149285634357	0.9146125	0.29136280748290233	0.9151077	
10	0.84428	0.734	0.29191595365246437	0.9147851	0.2924390435218811	0.9144794	0.2929359105056725	0.9141886	0.2932748595873515	0.9139898	0.2930284649850024	0.9141343	0.2927451531092326	0.91430026	0.29174271917537953	0.9148862	
11	0.81992	0.7042	0.29227534314143705	0.9145751	0.29280946652094525	0.91426253	0.2934140805509781	0.9139081	0.2938025991121928	0.9136801	0.2935718783518029	0.9138155	0.29327799876530963	0.913988	0.2921225255007355	0.9146644	
12	0.82974	0.6981	0.29260348842368583	0.91438323	0.2931622465451558	0.91405594	0.2938756166400714	0.91363716	0.2943108081817627	0.91338104	0.29410214190186795	0.9135039	0.29380108912785846	0.9136809	0.292497021323179	0.9144455	
13	0.89754	0.7405	0.29294094532309944	0.91418564	0.29350751638412476	0.91385335	0.2943175403956576	0.9133771	0.29480286439259845	0.91309124	0.2946103205033133	0.9132047	0.2943032185236613	0.9133856	0.29285402620349055	0.91423655	
14	0.90936	0.745	0.2932799271214913	0.9139869	0.29385324319203693	0.9136503	0.29475819974578854	0.91311765	0.2952914039293925	0.912803	0.2951178809509805	0.91290545	0.29480238755544025	0.91309154	0.29320631063676883	0.9140301	
15	0.91734	0.743	0.29361475600351694	0.9137904	0.2941892941792806	0.9134527	0.2951871422720334	0.91286445	0.295764962832133	0.91252303	0.29560903222562745	0.91261536	0.29528482755025226	0.9128068	0.2935527998783769	0.9138268	
16	0.9171	0.7366	0.2939566253765697	0.9135895	0.2945191065470378	0.91325843	0.29560167057608755	0.9126197	0.2962110638618469	0.912259	0.2960773399083815	0.91233826	0.2957467238108317	0.9125339	0.29388879455470573	0.9136294	
17	0.93624	0.7478	0.2942502170968653	0.91341674	0.2948149840037028	0.91308415	0.29596840435393035	0.9124027	0.29661240180333454	0.912021	0.2964959986035897	0.91209006	0.2961600025494893	0.9122893	0.2941906924305893	0.9134519	
18	0.93314	0.7429	0.29449407115474363	0.9132733	0.29510114590326947	0.91291535	0.29632401136376624	0.91219205	0.2969980239868164	0.9117922	0.2968941739304216	0.9118538	0.29655275742212933	0.9120565	0.29448373946828554	0.9132794	
19	0.94066	0.7407	0.29479106956424583	0.9130982	0.29537222782770794	0.91275525	0.2966657099135936	0.91198945	0.297365665435791	0.91157365	0.2972737484481107	0.9116283	0.29692910114924115	0.9118331	0.29476058104272934	0.9131162	
20	0.94944	0.746	0.29512521710843015	0.91290116	0.2956921656926473	0.9125662	0.297046520738839	0.9117633	0.29777506987253827	0.91133	0.2976975771567363	0.9113761	0.29735060532887775	0.91158265	0.29508138178017	0.912927	
21	0.95296	0.7558	0.2953888299637071	0.9127454	0.2959726055463155	0.9124001	0.2973936983789727	0.9115571	0.29814887046813965	0.9111073	0.2980860587084107	0.9111447	0.2977357308069865	0.9113534	0.29537487135977564	0.9127537	
22	0.9502	0.7459	0.2957140552266359	0.91255325	0.29628419876098633	0.91221577	0.2977668946735872	0.9113349	0.29853912194569904	0.91087437	0.2984915956847825	0.91090274	0.29814134041468304	0.91111183	0.29569099379703156	0.91256684	
23	0.95192	0.757	0.29603889115365534	0.912361	0.2966126998265584	0.9120209	0.2981518077920877	0.91110545	0.2989458441734314	0.9106314	0.29890983291150564	0.910653	0.2985594868659973	0.9108622	0.29601657820177824	0.91237414	
24	0.94396	0.7394	0.2964179096613902	0.91213644	0.2969780961672465	0.91180396	0.2985766761229765	0.910852	0.2993851900100708	0.9103685	0.29935951168721786	0.91038394	0.2990059057871501	0.9105955	0.2963637417929625	0.91216856	
25	0.95108	0.7425	0.296808316244473	0.9119048	0.29735881090164185	0.91157776	0.2990144975853077	0.9105903	0.29983609914779663	0.9100983	0.29981978337085585	0.91010815	0.2994667689005534	0.9103196	0.2967385537167699	0.9119463	
26	0.94364	0.7261	0.29721614560949844	0.91166264	0.2977402408917745	0.91135067	0.2994443673422198	0.9103332	0.3002671202023824	0.90983963	0.300265387951212	0.9098407	0.299912432829539	0.91005254	0.2970961697263848	0.91173387	
27	0.9575	0.752	0.29758238092154354	0.9114447	0.29812439282735187	0.9111218	0.29987322557476764	0.9100759	0.30071359872817993	0.90957135	0.3007249290894758	0.90956455	0.30037200450897217	0.9097767	0.29747370012192115	0.9115094	
28	0.95892	0.753	0.2979170800249327	0.9112454	0.29849372307459515	0.9109015	0.3002837920750618	0.9098297	0.3011421759923299	0.90931344	0.30115760863628865	0.9093041	0.30080459515253705	0.9095166	0.29782568952725985	0.9112998	
29	0.94996	0.7318	0.29837081858260023	0.9109748	0.2989177107810974	0.9106481	0.3007509196460575	0.9095489	0.30161412556966144	0.9090289	0.3016370430870496	0.909015	0.30128411451975506	0.9092279	0.29822703289220487	0.9110607	
30	0.96458	0.7589	0.29874857174862973	0.9107492	0.29929351806640625	0.9104235	0.30117741765508876	0.9092922	0.30204878250757855	0.9087666	0.30207697189180627	0.90874946	0.30172725518544513	0.90896076	0.29859000155158066	0.910844	
31	0.96176	0.7517	0.29914134679182763	0.9105145	0.2997085054715474	0.9101748	0.30163459856983593	0.9090166	0.3025065064430237	0.9084899	0.3025406715191231	0.9084691	0.3021914561589559	0.9086804	0.29896919674763317	0.9106174	
32	0.96602	0.7523	0.2995436605648042	0.9102737	0.3000924587249756	0.90994453	0.3020594949986238	0.9087601	0.302934726079305	0.9082305	0.3029763575411297	0.90820533	0.3026294906934102	0.9084155	0.2993335141061613	0.91039944	
33	0.96262	0.7456	0.29998867150917086	0.91000676	0.30049943923950195	0.9097001	0.3025007725025328	0.9084933	0.30338122447331745	0.9079598	0.30343334177058384	0.9079282	0.3030826846758525	0.9081409	0.29970664015602827	0.9101759	
34	0.96158	0.7508	0.3004508132335481	0.9097293	0.3009682496388753	0.9094181	0.3029993416225177	0.90819144	0.3038829763730367	0.90765506	0.3039357041069347	0.90762305	0.3035886883735657	0.90783393	0.3001315225358666	0.90992105	
35	0.96474	0.747	0.3009023131097369	0.9094578	0.30140288670857746	0.90915626	0.30347203257751687	0.90790474	0.30434457461039227	0.9073744	0.30439827981829126	0.9073417	0.30405356486638385	0.90755147	0.3005235514472907	0.9096856	
36	0.96314	0.7472	0.3013456044871707	0.90919083	0.30181485414505005	0.9089078	0.30390993833354507	0.9076388	0.3047869602839152	0.9071049	0.3048405969444636	0.9070723	0.3044974406560262	0.9072812	0.3008956870462176	0.9094618	
37	0.95676	0.7403	0.3017903883189236	0.90892255	0.30226361751556396	0.90863675	0.30438549527424297	0.90734947	0.3052605589230855	0.90681607	0.3053168282347377	0.9067816	0.3049785296122233	0.90698814	0.3013000228374069	0.9092183	
38	0.9604	0.738	0.3022174898114609	0.9086646	0.3027164340019226	0.9083628	0.3048552640477454	0.90706325	0.3057254950205485	0.906532	0.3057788419881141	0.9064992	0.3054433266321818	0.90670437	0.3016934215214076	0.9089811	
39	0.96714	0.7528	0.30268222710856707	0.9083835	0.3031469980875651	0.9081019	0.30531848601077916	0.90678066	0.30618200699488324	0.90625256	0.30623773687470074	0.9062184	0.3059074680010478	0.9064207	0.3020853239922861	0.90874445	
40	0.0	0.0	0.9899999760052302	0.019899964	0.9900000095367432	0.019899964	0.9899999125311453	0.019899964	0.9900000890096029	0.019899964	0.9899999125311453	0.019899964	0.9900005658467611	0.019899927	0.9900010645450044	0.01989997	
41	0.0	0.0	0.9899999760052302	0.019899964	0.9900000095367432	0.019899964	0.9899999125311453	0.019899964	0.9900000890096029	0.019899964	0.9899999125311453	0.019899964	0.9900005658467611	0.019899927	0.9900010645450044	0.01989997	
42	0.0	0.0	0.9899999760052302	0.019899964	0.9900000095367432	0.019899964	0.9899999125311453	0.019899964	0.9900000890096029	0.019899964	0.9899999125311453	0.019899964	0.9900005658467611	0.019899927	0.9900010645450044	0.01989997	
43	0.0	0.0	0.9899999760052302	0.019899964	0.9900000095367432	0.019899964	0.9899999125311453	0.019899964	0.9900000890096029	0.019899964	0.9899999125311453	0.019899964	0.9900005658467611	0.019899927	0.9900010645450044	0.01989997	
0	0.1017	0.1012	0.28923265056534725	0.9163445	0.28852643569310504	0.9167525	0.2885963023955968	0.9167122	0.288754403591156	0.9166209	0.2886689073666316	0.91667026	0.28862037261327106	0.9166982	0.2886411115200386	0.9166863	
1	0.4284	0.4224	0.3202480251085419	0.89744115	0.30632732311884564	0.9061635	0.3030815279771139	0.90814155	0.3004030187924703	0.90975803	0.2994978657419296	0.9103011	0.29873088995615643	0.9107598	0.30046503054813334	0.9097208	
2	0.56378	0.5522	0.3624229348209238	0.86864966	0.32948394616444904	0.8914403	0.32361575355061156	0.8952728	0.3142501711845398	0.9012468	0.31147156062068254	0.90298545	0.30829383929570514	0.9049549	0.3099641504857914	0.90392226	
3	0.54478	0.5314	0.39701014188564976	0.8423829	0.3522789478302002	0.87589955	0.3462237445603402	0.8801291	0.33064115047454834	0.8906764	0.32704226423664823	0.8930433	0.322007417678833	0.8963112	0.32104961458112674	0.8969271	
0	0.10156	0.1009	0.28923265056534725	0.9163445	0.28852643569310504	0.9167525	0.2885963023955968	0.9167122	0.288754403591156	0.9166209	0.2886689073666316	0.91667026	0.28862037261327106	0.9166982	0.2886411115200386	0.9166863	
1	0.43636	0.4279	0.31874505871988335	0.8984016	0.3060547709465027	0.9063304	0.3027085283677925	0.9083676	0.30021289984385174	0.9098723	0.29944726142581757	0.9103313	0.29871193567911786	0.91077125	0.3004315027301429	0.9097409	
2	0.38868	0.3871	0.3595715035102934	0.87070835	0.3290082613627116	0.8917535	0.32270330237824973	0.8958626	0.3141022324562073	0.90133977	0.3115206195523492	0.90295494	0.30843691031138104	0.90486676	0.3099419601700504	0.90393597	
3	0.59792	0.5756	0.3936081571545646	0.8450726	0.3520669142405192	0.87604886	0.3455053374785225	0.880626	0.33082787195841473	0.89055294	0.32704380962109364	0.89304227	0.32199203968048096	0.8963212	0.3209844977001774	0.89696896	
4	0.60628	0.591	0.4220101144063672	0.82190746	0.3738310734430949	0.8602503	0.36902566726901703	0.86382	0.3500479459762573	0.87746644	0.3454711142375317	0.88064975	0.3389820655186971	0.8850911	0.3325945846923521	0.8893809	
5	0.67928	0.6496	0.44556470980834817	0.80147207	0.3936169942220052	0.84506565	0.3907321933848957	0.8473283	0.3694627285003662	0.8634973	0.3655410220299343	0.86637974	0.35851625601450604	0.87146604	0.3446463285100725	0.88121897	
6	0.69964	0.6698	0.4689530263323852	0.7800831	0.41350336869557697	0.829015	0.4124123074757075	0.8299161	0.3901475667953491	0.8477849	0.3871747464894852	0.8500957	0.3799666166305542	0.8556254	0.3572259405319675	0.8723896	
7	0.78414	0.735	0.48949179333602033	0.76039773	0.43179349104563397	0.8135544	0.43401627626020967	0.8116299	0.41083045800526935	0.83121836	0.408963262274667	0.83274907	0.4021955331166585	0.8382388	0.36989515675379675	0.8631776	
8	0.73706	0.6855	0.5063465990762364	0.7436131	0.4489082892735799	0.7984813	0.45433234974581493	0.7935821	0.4313665231068929	0.8139229	0.43073337393599914	0.81446874	0.42497825622558594	0.81939346	0.38261153529910963	0.8536084	
9	0.84902	0.771	0.522320662100225	0.72718114	0.4645932912826538	0.7841531	0.47344319195140266	0.77585155	0.45123712221781415	0.79638505	0.4516191885197747	0.7960401	0.4474531014760335	0.79978573	0.39532256119466164	0.8437201	
10	0.81134	0.7361	0.5368834148975437	0.7117562	0.4796711206436157	0.7699156	0.49193942071410557	0.7579956	0.4706790049870809	0.7784613	0.47223560044786855	0.7769935	0.4699927568435669	0.7791068	0.40794933554004037	0.83357733	
11	0.87484	0.7775	0.5524026362454549	0.69485134	0.49564242362976074	0.7543385	0.5106825176174862	0.73920333	0.4907996654510498	0.75911564	0.4931027299288042	0.7568497	0.4925623337427775	0.7573824	0.42068021260124105	0.82302815	
12	0.90416	0.8009	0.5644463532647355	0.6814003	0.5098700523376465	0.7400325	0.5277172060654273	0.7215145	0.509274403254191	0.74063957	0.5122013214504249	0.7376498	0.5131664673487345	0.73666024	0.4326227750078939	0.8128375	
13	0.87546	0.7637	0.5763490009062013	0.6678218	0.5228979190190634	0.72657776	0.5440706890498364	0.70398706	0.5276314814885458	0.72160506	0.5308572586710849	0.7181906	0.5330986976623535	0.71580577	0.444399616006202	0.802509	
14	0.901	0.7855	0.587089805304902	0.6553256	0.5355053742726644	0.71323407	0.5589341966456882	0.68759257	0.5440467596054077	0.7040131	0.5474075393401409	0.70034504	0.5508892933527628	0.696521	0.45513037222446967	0.79285634	
15	0.81382	0.7216	0.5983973530089536	0.64192057	0.5479132731755575	0.6997911	0.5735016085818015	0.67109597	0.5601104497909546	0.6862763	0.563896622785159	0.6820206	0.5681405464808146	0.6772163	0.4655918522276012	0.7832242	
16	0.0	0.0	0.9899999760052302	0.019899964	0.9900000095367432	0.019899964	0.9899999125311453	0.019899964	0.9900000890096029	0.019899964	0.9899999125311453	0.019899964	0.9900005658467611	0.019899927	0.9900010645450044	0.01989997	
17	0.0	0.0	0.9899999760052302	0.019899964	0.9900000095367432	0.019899964	0.9899999125311453	0.019899964	0.9900000890096029	0.019899964	0.9899999125311453	0.019899964	0.9900005658467611	0.019899927	0.9900010645450044	0.01989997	
